0 0.383455 0.546800 0.017140 0.020874 0.736579
0 0.314820 0.598766 0.020684 0.014558 0.686791
0 0.549674 0.868950 0.013224 0.016120 0.600040
0 0.270304 0.156157 0.021706 0.015316 0.593992
0 0.335123 0.167985 0.016078 0.011861 0.570533
0 0.551566 0.222334 0.033075 0.019915 0.525123
0 0.560781 0.229016 0.030084 0.020565 0.375154
0 0.453854 0.776012 0.018572 0.025055 0.372348
0 0.543311 0.218967 0.010915 0.011760 0.369825
0 0.912226 0.379224 0.024747 0.022788 0.312994
0 0.568222 0.235008 0.013699 0.012757 0.255874
